[array([[-0.02295532, -0.03955745, -0.07560362, ..., -0.03955699,
        -0.04628448, -0.01823695],
       [ 0.0085737 ,  0.05694021, -0.00773211, ..., -0.03308424,
         0.00651478,  0.01439528],
       [ 0.05614344,  0.02158116,  0.01617371, ..., -0.04856261,
         0.04052078, -0.05195263],
       ...,
       [-0.02333006, -0.02423286, -0.0306919 , ...,  0.03737967,
         0.01916552, -0.03943359],
       [-0.03569769,  0.01664598, -0.02061828, ..., -0.03940071,
         0.02761122, -0.04749963],
       [ 0.02908869, -0.02823531, -0.01920775, ...,  0.04207044,
        -0.01061887,  0.03809097]], dtype=float32), array([ 0.00174793,  0.00431987,  0.03197639, ..., -0.00183981,
        0.02273019, -0.00051961], dtype=float32), array([[ 0.00459077, -0.00086034,  0.00245242, ..., -0.01087975,
         0.00190237, -0.04119229],
       [ 0.00397844,  0.01090836, -0.00430124, ..., -0.03182725,
        -0.00415282,  0.03717127],
       [ 0.00568618,  0.03029321,  0.05295977, ..., -0.01982969,
         0.0171559 ,  0.02141189],
       ...,
       [ 0.00778393, -0.06092895,  0.0062846 , ...,  0.03371735,
        -0.01129257, -0.04013653],
       [ 0.00848722, -0.0381289 , -0.02261509, ...,  0.03268078,
         0.02947069, -0.02749486],
       [ 0.02121393, -0.04405288,  0.00602585, ..., -0.01641369,
        -0.04298457,  0.00813667]], dtype=float32), array([0.03705021, 0.0355041 , 0.01881136, ..., 0.01952563, 0.0129059 ,
       0.00336794], dtype=float32), array([[ 0.00678633, -0.05451179,  0.03625679, ...,  0.03039639,
        -0.00236765, -0.03660589],
       [-0.04169437, -0.00686257, -0.01551956, ..., -0.05116701,
         0.01727403, -0.03172573],
       [ 0.05716633,  0.00766701, -0.00357747, ..., -0.03612567,
         0.04122109, -0.0093501 ],
       ...,
       [ 0.02834245,  0.05242991,  0.02370583, ...,  0.01524778,
        -0.02289039,  0.00632206],
       [-0.02700659,  0.04148209, -0.04055864, ..., -0.0228152 ,
        -0.03160544,  0.03834851],
       [-0.00134849,  0.01335301,  0.03929815, ..., -0.00129724,
        -0.02915646, -0.00628888]], dtype=float32), array([0.02013585, 0.01308476, 0.00523403, ..., 0.01394518, 0.00184442,
       0.00182237], dtype=float32), array([[ 0.05583448, -0.04077211, -0.02578092, ...,  0.04373713,
        -0.00581214,  0.05303738],
       [ 0.04000027,  0.17530273, -0.06223201, ...,  0.03703244,
         0.00426939,  0.19791505],
       [-0.15169084, -0.10385077, -0.1526    , ...,  0.18034573,
         0.01324304,  0.11089224],
       ...,
       [ 0.01832008, -0.08949606,  0.06478173, ..., -0.21043071,
         0.04801952,  0.05045982],
       [ 0.11539652, -0.15043874,  0.10198917, ...,  0.03385185,
         0.03384032, -0.08832441],
       [-0.14489703, -0.02080738,  0.08063776, ...,  0.08110846,
         0.1221585 , -0.10309028]], dtype=float32), array([-0.00042088,  0.13927422, -0.02205302, -0.01196328, -0.01953215,
       -0.00690549, -0.01808274,  0.03581373,  0.09189434, -0.02754327,
        0.08691694,  0.08794489, -0.05816028,  0.08492676, -0.04106184,
       -0.03734307,  0.02802555, -0.06545596, -0.03366415, -0.06705337,
       -0.06518154, -0.0556394 , -0.06065397, -0.05125768, -0.06613965,
       -0.06861307,  0.13739437, -0.01526706, -0.03000637, -0.053574  ,
       -0.05042861, -0.07598116, -0.05569068, -0.06930573, -0.06044831,
       -0.04267411, -0.07577694, -0.06605868, -0.05018088, -0.05892362,
       -0.06851767, -0.08106317,  0.00418364], dtype=float32)]
