91:
[array([[ 0.00012731, -0.03926297,  0.05387362, ..., -0.05560452,
         0.02778324, -0.02742067],
       [ 0.02769591,  0.01715649,  0.03465315, ...,  0.03991798,
         0.05663681,  0.02562737],
       [ 0.00288416,  0.03623887, -0.04595612, ..., -0.05233614,
         0.02194902,  0.04379499],
       ...,
       [ 0.02144164,  0.00260363,  0.04835238, ..., -0.01187969,
         0.01116592,  0.07047772],
       [-0.02747618,  0.00247457, -0.02117031, ..., -0.0313173 ,
        -0.00465101,  0.03371441],
       [ 0.01411449, -0.00607141, -0.05087851, ...,  0.0090536 ,
        -0.00107233,  0.01282739]], dtype=float32), array([ 0.00168296,  0.08035743,  0.00084419, ...,  0.02452387,
       -0.00687434, -0.00240255], dtype=float32), array([[ 1.1483185e-02,  4.6972870e-03,  8.1718042e-03, ...,
        -1.0763488e-02,  7.3000103e-02, -6.1854567e-02],
       [-3.6828022e-02, -3.0231979e-02, -4.0535673e-02, ...,
        -4.7855829e-03, -5.2411407e-02, -4.4817541e-02],
       [ 2.0817406e-02, -6.2776358e-05, -1.0407960e-02, ...,
         6.6928133e-02, -3.2998338e-02, -1.1923754e-02],
       ...,
       [ 3.1098487e-02, -2.6704350e-02,  8.4097683e-03, ...,
        -3.6127053e-02,  3.8058184e-02,  7.9921144e-04],
       [ 4.6034854e-02, -4.3559857e-02,  3.0007252e-02, ...,
        -3.5603102e-02,  3.2031544e-02, -3.8857464e-04],
       [ 3.9603256e-02,  3.0466218e-02,  2.9817414e-03, ...,
        -1.6514979e-02,  3.2585375e-02, -3.6484905e-02]], dtype=float32), array([ 0.01078728,  0.00865054,  0.0891137 , ...,  0.02121058,
        0.13710824, -0.00932194], dtype=float32), array([[-4.45673652e-02, -7.30290078e-03, -3.85968573e-03, ...,
         5.17210225e-03,  1.17203854e-02, -2.75719706e-02],
       [-3.51837426e-02, -4.15133797e-02, -1.18846074e-02, ...,
         1.07263783e-02, -3.35469954e-02,  3.46142538e-02],
       [ 5.43821044e-02, -3.13924216e-02,  2.91058477e-02, ...,
         4.27808091e-02,  4.41700295e-02, -3.36635672e-02],
       ...,
       [ 1.92852281e-02, -1.94679648e-02, -1.94517132e-02, ...,
         3.19762751e-02,  2.91544646e-02, -7.39178795e-05],
       [ 1.99016090e-02, -4.42606062e-02,  6.92800432e-03, ...,
         1.54502615e-02,  1.18144182e-02, -2.38536056e-02],
       [ 5.61720319e-02,  3.42502892e-02,  4.35425490e-02, ...,
         4.51479405e-02, -1.80085171e-02,  6.88332692e-02]], dtype=float32), array([0.11144064, 0.09459408, 0.02850088, ..., 0.02523053, 0.0066078 ,
       0.02051669], dtype=float32), array([[-0.02734174, -0.13298349,  0.08037982, ..., -0.129908  ,
        -0.07029978, -0.10082621],
       [ 0.05796942, -0.17471638,  0.00151779, ..., -0.07365512,
        -0.04033696, -0.05612417],
       [-0.05266951, -0.10840837,  0.09407086, ...,  0.00703809,
         0.10283894,  0.01162335],
       ...,
       [ 0.21919762, -0.00196506, -0.08428331, ...,  0.0752368 ,
        -0.02695408, -0.01112696],
       [ 0.10622521, -0.20724727, -0.15032555, ...,  0.04898936,
         0.09370725,  0.07119953],
       [ 0.05893619,  0.05475986, -0.03592219, ...,  0.11852939,
        -0.07789462, -0.11690859]], dtype=float32), array([ 0.00933987,  0.3154055 , -0.05220981, -0.01922791, -0.04571505,
       -0.00376145, -0.1035611 ,  0.09271114,  0.11767017, -0.05552665,
        0.17277865,  0.11172878, -0.11607388,  0.1644971 , -0.06758203,
       -0.05010513,  0.06554888, -0.09414282, -0.11476437, -0.16981256,
       -0.09146973, -0.14904407, -0.16156289, -0.15574928, -0.2069909 ,
       -0.10702582,  0.24474598, -0.0647381 , -0.07999912, -0.12806705,
       -0.11253527, -0.15278354, -0.10548332, -0.10262661, -0.07598046,
       -0.05569297, -0.12301784, -0.17238046, -0.1331885 , -0.17553131,
       -0.16279708, -0.18516563,  0.02277008], dtype=float32)]
